%YAML:1.0
mean: !!opencv-matrix
   rows: 1
   cols: 54
   dt: f
   data: [ 5.30068241e-002, 6.47215322e-002, 9.10724401e-002,
       6.45009950e-002, 5.49222417e-002, 1.03846766e-001,
       1.33494586e-001, 1.70261621e-001, 1.28979474e-001,
       1.02532700e-001, 5.99068180e-002, 7.34489709e-002,
       9.95754451e-002, 7.09070936e-002, 5.99383414e-002,
       1.06712922e-001, 1.26807779e-001, 1.60087705e-001,
       1.26574263e-001, 1.06798694e-001, 1.71291649e-001,
       2.06220284e-001, 2.22735018e-001, 2.06248000e-001,
       1.71178326e-001, 1.15304343e-001, 1.39027953e-001,
       1.72370717e-001, 1.38766676e-001, 1.15341254e-001,
       6.17802106e-002, 7.38975480e-002, 1.02625698e-001,
       7.33510032e-002, 5.94761632e-002, 1.12868272e-001,
       1.43020198e-001, 1.82111308e-001, 1.47804573e-001,
       1.14770539e-001, 6.66957945e-002, 8.03419501e-002,
       1.12211369e-001, 8.36879238e-002, 6.76403791e-002,
       3.93879831e-001, 3.92817795e-001, 3.91554505e-001,
       3.94224703e-001, 3.93174917e-001, 3.91932786e-001,
       3.94530386e-001, 3.93475413e-001, 3.92312765e-001 ]
eig_vec: !!opencv-matrix
   rows: 37
   cols: 54
   dt: f
   data: [ 7.61079369e-004, 2.79330852e-004, 1.95002835e-003,
       8.39181594e-004, 4.45024954e-004, -1.50431079e-004,
       -5.20864152e-004, 2.09877756e-003, 1.67904922e-003,
       1.44575577e-004, -8.37501866e-005, -6.12307747e-004,
       1.61664688e-003, 9.39655816e-004, 2.52334721e-004,
       -1.64046453e-003, -4.39385884e-004, 2.09250371e-003,
       6.01897016e-004, -2.17812369e-003, -1.90301181e-003,
       3.03311535e-004, 2.68888171e-003, 1.90667226e-003,
       -1.36213435e-003, -1.98563840e-003, -6.51804672e-004,
       2.00966443e-003, 8.90970696e-004, -1.61116873e-003,
       -2.19430192e-003, -7.76069763e-004, 1.53096649e-003,
       -4.23130368e-005, -3.03652533e-003, -2.92342645e-003,
       -4.25613922e-004, 2.48771557e-003, 3.58233228e-004,
       -3.42079648e-003, -1.87960034e-003, -5.48729207e-004,
       1.41001190e-003, 2.37824177e-004, -2.48152949e-003,
       3.32766891e-001, 3.33206594e-001, 3.32494020e-001,
       3.34507287e-001, 3.35016251e-001, 3.34273607e-001,
       3.32431972e-001, 3.32902998e-001, 3.32222164e-001,
       -8.89230147e-002, 2.92209741e-002, 1.27388865e-001,
       1.26569634e-002, -1.07509665e-001, -1.71547502e-001,
       6.83751777e-002, 2.56175786e-001, 5.57001606e-002,
       -1.73867956e-001, -1.12465940e-001, 2.10792217e-002,
       1.50559798e-001, 2.85720732e-002, -1.05505928e-001,
       -2.02635601e-001, 5.40176444e-002, 2.35418409e-001,
       5.15402332e-002, -2.04327941e-001, -2.47133300e-001,
       9.81472358e-002, 2.61243165e-001, 9.50873494e-002,
       -2.48156548e-001, -2.17080191e-001, 5.91811202e-002,
       2.57210463e-001, 5.78238517e-002, -2.18316719e-001,
       -1.19877636e-001, 1.68249682e-002, 1.46920413e-001,
       3.37402150e-002, -1.00167662e-001, -1.87768742e-001,
       6.55248389e-002, 2.67265677e-001, 7.51268566e-002,
       -1.89304337e-001, -1.15976967e-001, 3.50924954e-002,
       1.71779871e-001, 2.39557475e-002, -1.28934905e-001,
       -2.59807380e-003, -1.31437159e-003, -4.08396311e-003,
       -2.92452448e-003, -1.66681665e-003, -4.42821719e-003,
       -2.96470220e-003, -1.68551144e-003, -4.45652939e-003,
       3.82953808e-002, 9.04583558e-002, -1.05716977e-002,
       -1.19564846e-001, -8.80666077e-002, 9.57927555e-002,
       2.18654886e-001, -1.76519323e-002, -2.44598538e-001,
       -1.40026152e-001, 6.51435927e-002, 1.27897412e-001,
       -1.74606349e-002, -1.29043370e-001, -7.84125477e-002,
       1.27372980e-001, 2.15319380e-001, -9.70038003e-004,
       -2.17447683e-001, -1.30015716e-001, 1.65700406e-001,
       2.93230414e-001, -1.91279687e-005, -2.93952495e-001,
       -1.63710639e-001, 1.43188283e-001, 2.49732390e-001,
       -6.51341688e-004, -2.47767583e-001, -1.38961494e-001,
       1.00119978e-001, 1.39420256e-001, 1.17489938e-002,
       -1.06023058e-001, -4.60762568e-002, 1.55447856e-001,
       2.69193351e-001, 1.35673275e-002, -2.44291827e-001,
       -1.09038383e-001, 9.05326828e-002, 1.49689630e-001,
       1.59097165e-002, -1.50924280e-001, -7.59393722e-002,
       1.53456326e-003, 1.74197904e-003, -1.22514000e-004,
       1.37905125e-003, 1.59670867e-003, -2.56085244e-004,
       1.19532808e-003, 1.30099722e-003, -5.45807648e-004,
       1.60190836e-003, 2.35344050e-004, -1.65258336e-003,
       -1.03538053e-003, 8.81665153e-004, 1.98237412e-003,
       -1.14628032e-003, -2.91120168e-003, -8.22531874e-004,
       1.79410493e-003, 1.49995647e-003, -1.63634005e-003,
       -2.83874082e-003, -1.37507930e-004, 1.59954734e-003,
       1.50825735e-003, 2.50320206e-003, 7.07587635e-004,
       -1.94835104e-003, -1.10372598e-003, -1.55052578e-004,
       7.97829882e-004, 1.62621909e-005, -4.27968364e-004,
       -1.14880002e-003, -3.28298309e-004, -1.62654079e-003,
       -4.59132716e-004, 7.61090429e-004, 8.41548754e-005,
       -6.03538821e-004, 2.01494130e-003, 3.10317311e-003,
       -5.43084170e-004, -2.44053081e-003, -2.24554469e-003,
       2.05310318e-003, 4.05032001e-003, -6.30156428e-005,
       -3.71359638e-003, -2.35815370e-003, -4.61516960e-004,
       2.60628946e-003, 7.87556404e-004, -2.36496585e-003,
       -4.12563592e-001, 1.45633994e-002, 3.99141073e-001,
       -4.17932242e-001, 1.45056741e-002, 4.03989851e-001,
       -4.14718330e-001, 1.38558345e-002, 3.99824768e-001,
       -2.79701693e-004, 6.61820988e-004, 2.80942884e-003,
       1.87223917e-003, 3.12775053e-004, -9.28267400e-005,
       5.67457901e-005, 1.17302709e-003, 1.37189764e-003,
       3.10533593e-004, -2.88502371e-004, -6.39710459e-004,
       -6.90371497e-004, -4.46792139e-004, -4.94087988e-004,
       5.51237550e-004, 3.20252002e-004, 1.55941129e-003,
       2.60764756e-003, 1.65726128e-003, 1.03442080e-003,
       -3.69488000e-004, -9.21087281e-004, 3.35576391e-004,
       1.63444493e-003, 5.63357840e-004, -9.60930076e-004,
       -2.69592344e-003, -1.55437144e-003, 4.45714657e-004,
       2.76826904e-004, 1.15081508e-004, 5.35095285e-004,
       7.53085944e-004, 5.73923055e-004, 9.46366345e-004,
       -6.82969927e-004, -2.01559928e-003, -5.25945914e-004,
       1.35925750e-003, 2.04240205e-004, -8.24418559e-004,
       -3.17308214e-003, -1.47417292e-003, 2.64743372e-004,
       -2.22981244e-001, 4.68926162e-001, -2.47466356e-001,
       -2.23818749e-001, 4.73143697e-001, -2.48681948e-001,
       -2.23852694e-001, 4.70619798e-001, -2.48368710e-001,
       2.76599359e-002, 1.32102102e-001, 2.48942167e-001,
       1.16560958e-001, 2.59321425e-002, 2.94503141e-002,
       -2.21867301e-002, -4.57313322e-002, 2.15399340e-002,
       4.91728969e-002, -1.09304721e-002, -1.64370954e-001,
       -3.00690532e-001, -1.05893783e-001, 2.00530998e-002,
       2.87683494e-002, 2.70415783e-001, 3.89661759e-001,
       2.26144582e-001, 1.43549684e-002, 2.80850250e-002,
       2.43655331e-002, 1.28112687e-002, 2.98285782e-002,
       3.31141241e-002, -3.80508341e-002, -2.36044019e-001,
       -3.21076751e-001, -1.93462998e-001, -1.32980812e-002,
       3.06938728e-003, 1.76530331e-001, 3.50694954e-001,
       1.54621542e-001, -3.93882254e-003, -2.64240941e-003,
       6.59307465e-002, 5.84748238e-002, 1.45971999e-002,
       -1.71843749e-002, -2.70006675e-002, -1.19492039e-001,
       -2.58782476e-001, -1.47250161e-001, -3.82029414e-002,
       1.08070776e-003, -3.98582779e-003, -1.32285210e-003,
       2.26975605e-003, -2.83346721e-003, -2.22612594e-004,
       3.42644076e-003, -1.59506325e-003, 1.05345168e-003,
       -1.21532969e-001, 2.22865492e-002, 2.71968007e-001,
       1.42920315e-001, -8.90643224e-002, -1.85363084e-001,
       1.19287610e-001, 3.70021105e-001, 1.34781390e-001,
       -1.98531240e-001, -1.00873098e-001, 9.60118473e-002,
