%YAML:1.0
mean: !!opencv-matrix
   rows: 1
   cols: 54
   dt: f
   data: [ 5.34598865e-002, 7.09456280e-002, 8.20418671e-002,
       5.69858812e-002, 5.39413653e-002, 1.11040615e-001,
       1.48605719e-001, 1.64123371e-001, 1.22225240e-001,
       1.05182864e-001, 6.56183288e-002, 8.12161788e-002,
       9.17522162e-002, 6.80934712e-002, 6.30672872e-002,
       1.27170786e-001, 1.49560273e-001, 1.52197346e-001,
       1.16796285e-001, 1.15485877e-001, 2.00593308e-001,
       2.30512261e-001, 2.25352779e-001, 2.01891899e-001,
       1.85303733e-001, 1.41603336e-001, 1.56713709e-001,
       1.60217255e-001, 1.33046433e-001, 1.29544795e-001,
       8.21713582e-002, 8.73655453e-002, 8.97526741e-002,
       6.46104440e-002, 6.82867914e-002, 1.46669060e-001,
       1.60371259e-001, 1.63017333e-001, 1.30658388e-001,
       1.28517300e-001, 8.74937028e-002, 8.85097980e-002,
       9.25842449e-002, 7.14531988e-002, 7.57192224e-002,
       1.76306680e-001, 1.77655980e-001, 1.78692296e-001,
       1.78799152e-001, 1.80147901e-001, 1.81196451e-001,
       1.81207880e-001, 1.82618767e-001, 1.83719024e-001 ]
eig_vec: !!opencv-matrix
   rows: 42
   cols: 54
   dt: f
   data: [ 5.29221725e-003, 3.56019707e-003, 1.55168551e-003,
       5.84375672e-003, 8.16472992e-003, 9.81733669e-003,
       1.18607283e-003, -5.99823287e-003, 5.53398486e-003,
       1.07020913e-002, 7.44737498e-003, 2.03047530e-003,
       -6.22353051e-003, -1.38702360e-003, 3.89193860e-003,
       1.49153164e-002, 2.14208430e-003, -9.25300084e-003,
       2.78718327e-003, 1.34390173e-002, 1.54065313e-002,
       -5.18435659e-003, -1.47429444e-002, -4.11482947e-003,
       1.42232748e-002, 1.39095569e-002, -7.11766304e-003,
       -2.29039453e-002, -8.09757691e-003, 1.03715723e-002,
       8.25821795e-003, 1.52093964e-003, -1.02361683e-002,
       -1.99238746e-003, 3.95945413e-003, 1.09766871e-002,
       -8.15120153e-003, -2.31531188e-002, -1.07247503e-002,
       5.29849576e-003, 3.00114369e-003, -9.16962605e-003,
       -1.83929857e-002, -6.80843182e-003, 2.13596388e-003,
       3.28747392e-001, 3.30018252e-001, 3.27709228e-001,
       3.35065186e-001, 3.37627023e-001, 3.36201549e-001,
       3.30319107e-001, 3.33918124e-001, 3.33907753e-001,
       7.97240809e-002, -1.99000724e-002, -8.98881853e-002,
       9.49658640e-003, 1.04596920e-001, 1.67125970e-001,
       -6.06835186e-002, -2.25392118e-001, -2.21784823e-002,
       1.71832606e-001, 1.06915832e-001, -1.06859375e-002,
       -1.30982235e-001, -2.08382122e-002, 9.31234211e-002,
       2.29939625e-001, -5.93439229e-002, -2.18447655e-001,
       -1.06662717e-002, 2.20082164e-001, 2.44381055e-001,
       -1.11962236e-001, -2.57896900e-001, -6.21786527e-002,
       2.60629326e-001, 2.14832023e-001, -9.84657332e-002,
       -2.70575196e-001, -4.19730917e-002, 2.20308155e-001,
       1.23107836e-001, -4.47916538e-002, -1.55203819e-001,
       -2.50747018e-002, 9.12307650e-002, 1.51230693e-001,
       -1.56007037e-001, -2.94969052e-001, -6.58426732e-002,
       1.64840728e-001, 6.81720600e-002, -1.10295571e-001,
       -1.81481287e-001, -2.16777567e-002, 1.07554823e-001,
       -1.84729062e-002, -2.10632626e-002, -2.00003721e-002,
       -1.89884864e-002, -2.18553971e-002, -2.07933411e-002,
       -1.78445056e-002, -2.08417941e-002, -1.99708920e-002,
       2.29920447e-003, -6.26540035e-002, 2.04927474e-003,
       9.73708406e-002, 1.12641871e-001, -8.33590925e-002,
       -2.25273490e-001, -3.05923652e-002, 2.04751104e-001,
       1.67214021e-001, -9.03988779e-002, -1.45805031e-001,
       -1.62382908e-002, 9.51676965e-002, 6.31049648e-002,
       -1.23754434e-001, -1.79207727e-001, 5.28296754e-002,
       2.28573903e-001, 1.61950141e-001, -1.93497792e-001,
       -2.56201982e-001, 1.78650040e-002, 3.09632570e-001,
       1.61916792e-001, -2.16260880e-001, -2.62917966e-001,
       2.53233314e-002, 2.47296840e-001, 1.33515000e-001,
       -1.25504136e-001, -1.09825134e-001, 6.65716901e-002,
       1.17205270e-001, 6.02859296e-002, -1.79436430e-001,
       -1.97658703e-001, 9.03338268e-002, 2.49712765e-001,
       1.13732278e-001, -9.90553275e-002, -1.05294801e-001,
       4.75457199e-002, 1.39250889e-001, 7.72164017e-002,
       3.45736067e-003, -6.15765341e-004, 9.79844597e-004,
       5.02634142e-003, 8.12564685e-004, 2.58502108e-003,
       6.03127107e-003, 1.80183956e-003, 3.88906011e-003,
       -1.36077628e-001, -3.50176655e-002, 1.62872478e-001,
       7.44789392e-002, -6.26054183e-002, -2.86759555e-001,
       1.47105781e-002, 3.26818049e-001, 1.08843774e-001,
       -2.03602999e-001, -1.34975642e-001, 6.61701933e-002,
       2.14627072e-001, 1.93567313e-002, -1.55223027e-001,
       -1.47310644e-001, -2.26657316e-001, 4.24438231e-002,
       1.69896632e-001, 8.16967636e-002, -5.83167896e-002,
       -4.40934971e-002, 4.12884131e-002, 5.92654273e-002,
       -8.58885050e-003, 7.87084401e-002, 1.21645220e-001,
       4.70914803e-002, -9.89895761e-002, -8.95686001e-002,
       1.16799556e-001, -1.70048982e-001, -1.64978191e-001,
       3.38646807e-002, 1.67622104e-001, 2.65055090e-001,
       -1.29754186e-001, -2.81041652e-001, -4.81752381e-002,
       2.35375538e-001, 2.66778886e-001, 1.02944728e-002,
       -1.71729714e-001, -7.43454769e-002, 1.30517125e-001,
       2.88194624e-005, 8.15174356e-003, 4.57856711e-003,
       -6.43783202e-003, 1.57615927e-003, -2.08134763e-003,
       -1.16423778e-002, -3.93344322e-003, -7.87336472e-003,
       -3.21716256e-002, 1.24828778e-001, 2.84460008e-001,
       1.10093340e-001, -8.55410192e-003, -4.73334081e-002,
       -4.26854007e-002, 1.10366620e-001, 1.71151415e-001,
       8.48276839e-002, -5.34860417e-002, -1.98774621e-001,
       -1.88846022e-001, 9.76514909e-003, 7.43359700e-002,
       -3.98309678e-002, 3.07463109e-001, 4.13436919e-001,
       1.12005480e-001, -1.31594643e-001, 1.85668264e-002,
       2.79869474e-002, 5.71575053e-002, 4.25674058e-002,
       1.81054398e-002, -1.07984357e-002, -2.60168135e-001,
       -2.99664050e-001, -9.43046063e-002, 7.16960207e-002,
       5.70995547e-002, 2.05235496e-001, 2.12317169e-001,
       -3.31044407e-003, -8.96463022e-002, 1.16597228e-001,
       8.82518962e-002, -6.58897981e-002, -1.43551543e-001,
       -4.38528433e-002, 5.95311038e-002, -1.27421692e-001,
       -2.93697178e-001, -1.59459010e-001, -1.04001258e-002,
       -1.31790452e-002, -7.75872590e-003, -9.82057955e-003,
       -8.77920259e-003, -3.48897069e-003, -5.78381959e-003,
       -2.89638899e-003, 2.44393223e-003, -9.20192451e-006,
       1.04824349e-001, 2.02981815e-001, 1.49782762e-001,
       -2.37833569e-003, -1.64331123e-002, 1.84491977e-001,
       4.00363833e-001, 2.43981808e-001, -7.06015751e-002,
       -9.94548053e-002, 1.04421951e-001, 1.67541832e-001,
       7.68767670e-002, -5.97424731e-002, -7.86798075e-002,
       1.61616489e-001, 9.02656615e-002, 7.88510367e-002,
       5.31071424e-002, 1.03748225e-001, -2.30908277e-003,
       4.05812487e-002, -2.14315340e-004, -2.94289901e-003,
       4.58303932e-003, -5.95725104e-002, -8.95542651e-002,
       -4.59352918e-002, -9.60445926e-002, -1.18564889e-001,
       -1.07543983e-001, -1.81931153e-001, -2.59222165e-002,
       5.42317182e-002, 1.75357461e-002, -3.10834855e-001,
       -4.10335243e-001, -1.19406335e-001, 7.01960847e-002,
       -4.67600189e-002, -2.72543877e-001, -2.87277043e-001,
       -9.97527093e-002, -1.26247695e-002, -8.33766833e-002,
       -2.29465030e-003, 2.00584135e-003, 2.56476901e-003,
       -6.46712631e-003, -2.23450549e-003, -1.83278613e-003,
       -8.93607922e-003, -5.12511842e-003, -5.00264391e-003,
       -2.19034161e-002, 5.54718338e-002, -2.30754595e-002,
       -1.05314694e-001, -1.43848628e-001, -8.06253217e-003,
       8.64549577e-002, -2.07393005e-001, -3.68112117e-001,
       -2.61933386e-001, -4.55664359e-002, -7.00534787e-003,
