%YAML:1.0
mean: !!opencv-matrix
   rows: 1
   cols: 54
   dt: f
   data: [ 5.27294949e-002, 6.57054484e-002, 9.35261846e-002,
       6.56418800e-002, 5.57717755e-002, 1.04047261e-001,
       1.36082783e-001, 1.75317287e-001, 1.30947530e-001,
       1.03705615e-001, 6.00031577e-002, 7.50177503e-002,
       1.02448188e-001, 7.15480819e-002, 6.06076121e-002,
       1.07779689e-001, 1.28657892e-001, 1.63136333e-001,
       1.28112018e-001, 1.08920403e-001, 1.73183411e-001,
       2.10058168e-001, 2.29514688e-001, 2.09166735e-001,
       1.73564389e-001, 1.16685964e-001, 1.40875638e-001,
       1.75215721e-001, 1.39737383e-001, 1.17420390e-001,
       6.28197342e-002, 7.45813921e-002, 1.03464574e-001,
       7.34924898e-002, 6.13108054e-002, 1.14801936e-001,
       1.44431397e-001, 1.84247568e-001, 1.47913516e-001,
       1.17331780e-001, 6.78470582e-002, 8.07247981e-002,
       1.12330720e-001, 8.32126737e-002, 6.92623258e-002,
       3.83557677e-001, 3.82044047e-001, 3.81389350e-001,
       3.83981913e-001, 3.82499307e-001, 3.81900460e-001,
       3.84452999e-001, 3.82953346e-001, 3.82402420e-001 ]
eig_vec: !!opencv-matrix
   rows: 37
   cols: 54
   dt: f
   data: [ 6.15844445e-004, 4.76852892e-006, 1.99598121e-003,
       1.05877011e-003, 5.70699049e-004, -1.79669136e-004,
       -7.79700757e-004, 1.96381821e-003, 1.72022299e-003,
       1.99338785e-004, -5.09071033e-005, -3.77831340e-004,
       1.92121579e-003, 8.19166366e-004, 1.48982013e-004,
       -1.74771296e-003, -9.92361573e-004, 1.63268845e-003,
       4.48829669e-004, -2.11610598e-003, -2.03776802e-003,
       -2.67751311e-004, 1.97534170e-003, 1.34724739e-003,
       -1.41780276e-003, -1.85163552e-003, -6.40257436e-004,
       1.57150859e-003, 4.22982121e-004, -1.67496921e-003,
       -2.17439816e-003, -9.95715149e-004, 1.06283266e-003,
       -2.60827946e-004, -3.09852324e-003, -2.91171321e-003,
       -7.05845538e-004, 1.75515190e-003, -2.12436440e-004,
       -3.48474272e-003, -1.78892969e-003, -6.77475007e-004,
       1.09469891e-003, 5.60483677e-005, -2.50291522e-003,
       3.32939267e-001, 3.33205640e-001, 3.32397074e-001,
       3.34662348e-001, 3.35014582e-001, 3.34177315e-001,
       3.32507670e-001, 3.32844734e-001, 3.32090616e-001,
       -8.61471519e-002, 3.20223905e-002, 1.26460031e-001,
       7.36703444e-003, -1.09892160e-001, -1.69063076e-001,
       7.39592016e-002, 2.54025489e-001, 4.48033549e-002,
       -1.78165868e-001, -1.10346623e-001, 2.37200484e-002,
       1.50113851e-001, 2.29652375e-002, -1.07461505e-001,
       -1.98677629e-001, 6.16243854e-002, 2.35258222e-001,
       4.34786491e-002, -2.08424538e-001, -2.43534118e-001,
       1.07301861e-001, 2.60222733e-001, 8.48552361e-002,
       -2.52259195e-001, -2.13901326e-001, 6.67403042e-002,
       2.56655574e-001, 4.90156785e-002, -2.21904844e-001,
       -1.17072880e-001, 2.29044538e-002, 1.48245290e-001,
       3.01227141e-002, -1.02953702e-001, -1.83233991e-001,
       7.69249573e-002, 2.68964887e-001, 6.79787770e-002,
       -1.91871643e-001, -1.13792486e-001, 4.08332571e-002,
       1.71598822e-001, 1.99770406e-002, -1.31159618e-001,
       -2.28590309e-003, -2.35649012e-003, -2.20562215e-003,
       -2.59842747e-003, -2.73113023e-003, -2.57788436e-003,
       -2.74007744e-003, -2.86671915e-003, -2.67201639e-003,
       -4.07012030e-002, -9.08349752e-002, 1.26253450e-002,
       1.19853482e-001, 8.45748708e-002, -1.00705281e-001,
       -2.17210278e-001, 2.45403219e-002, 2.48273432e-001,
       1.36038408e-001, -6.71183467e-002, -1.26894489e-001,
       2.37378217e-002, 1.31911054e-001, 7.65471458e-002,
       -1.35611504e-001, -2.14298129e-001, 6.64503314e-003,
       2.18140006e-001, 1.21434040e-001, -1.73695922e-001,
       -2.88530141e-001, 9.71833896e-003, 2.98132777e-001,
       1.55730650e-001, -1.48080513e-001, -2.44407013e-001,
       1.12920040e-002, 2.53082037e-001, 1.33916467e-001,
       -1.04785673e-001, -1.38351083e-001, -7.58051779e-003,
       1.05984829e-001, 4.22147326e-002, -1.60924509e-001,
       -2.64098823e-001, -3.77091928e-003, 2.46858671e-001,
       1.02208458e-001, -9.32422951e-002, -1.45736009e-001,
       -7.47368997e-003, 1.52592584e-001, 7.26594105e-002,
       -3.14078148e-004, -1.55601907e-003, -1.78870140e-003,
       -1.55581496e-004, -1.41096651e-003, -1.61697704e-003,
       2.61236535e-004, -8.84892710e-004, -1.13686372e-003,
       1.93661975e-003, -1.13076683e-004, -1.54231663e-003,
       -5.85768139e-004, 2.07649381e-003, 2.27018446e-003,
       -2.31814105e-003, -2.78999773e-003, 1.79061317e-004,
       3.26451496e-003, 1.54288916e-003, -2.11915723e-003,
       -2.53677252e-003, -6.29538263e-005, 2.38464982e-003,
       1.47608493e-003, 1.69836753e-003, 5.79632702e-004,
       -8.68698407e-004, 4.14922280e-004, 1.69912106e-004,
       -4.54514753e-004, -3.86671250e-004, 5.54335245e-004,
       4.81605675e-004, -5.03848598e-004, -2.52119545e-003,
       -9.63178754e-004, 1.17359567e-003, 1.21704093e-003,
       -1.34922296e-003, 1.89319311e-003, 2.99141533e-003,
       2.75432303e-005, -2.41052639e-003, -2.93743447e-003,
       1.68277533e-003, 3.53375892e-003, 6.85315172e-004,
       -3.31795751e-003, -3.21999379e-003, -5.28743258e-004,
       1.76360237e-003, 8.52964469e-004, -2.38149986e-003,
       -3.79408568e-001, -4.56768796e-002, 4.28718090e-001,
       -3.85293901e-001, -4.70267721e-002, 4.33063984e-001,
       -3.82504165e-001, -4.79986966e-002, 4.28010523e-001,
       1.43074652e-003, -1.00224314e-003, -4.80581261e-003,
       -2.10282044e-003, 1.39310537e-003, 2.27381312e-003,
       -3.39767663e-004, -3.74849653e-003, -1.55342813e-003,
       2.09983299e-003, 1.14166387e-003, 9.83034493e-004,
       2.27396929e-004, 5.81751170e-004, 1.58649834e-003,
       4.35690949e-004, -9.62833408e-004, -3.74724460e-003,
       -2.64533353e-003, 1.38034346e-004, 2.55302089e-004,
       3.64632026e-004, 2.83877689e-005, 3.43858759e-004,
       6.18164137e-004, -5.19027992e-004, 1.58650824e-003,
       2.84420466e-003, 3.30453296e-003, 9.65442974e-004,
       -1.74674299e-003, -5.65224269e-004, -6.98377611e-004,
       -4.94193111e-004, -1.61479169e-003, -2.76758382e-003,
       7.95776607e-004, 3.36250477e-003, 2.27695494e-003,
       -1.90731033e-003, -2.39028176e-003, 1.46843796e-003,
       4.54181526e-003, 2.97692046e-003, -1.21926586e-003,
       -2.74440467e-001, 4.66884255e-001, -1.93422884e-001,
       -2.76208252e-001, 4.71111953e-001, -1.94104761e-001,
       -2.75884986e-001, 4.68264967e-001, -1.94443792e-001,
       4.03375961e-002, 1.32295012e-001, 2.22167909e-001,
       1.00646250e-001, 3.74430157e-002, 4.77740057e-002,
       -3.49808186e-002, -8.21146816e-002, 1.29860695e-002,
       7.41130933e-002, -1.83323794e-003, -1.79211527e-001,
       -3.22638810e-001, -9.79112163e-002, 4.18410078e-002,
       3.57625782e-002, 2.86913991e-001, 3.78370255e-001,
       1.97608083e-001, 7.55611109e-003, 2.66108289e-002,
       2.24824995e-002, 8.93956795e-003, 2.66588796e-002,
       3.40488218e-002, -4.72022034e-002, -2.52901554e-001,
       -3.15831542e-001, -1.67610154e-001, 9.81997815e-004,
       -7.04899663e-003, 1.91691384e-001, 3.64636272e-001,
       1.43817991e-001, -2.20435914e-002, -2.59771049e-002,
       7.82661662e-002, 8.96898955e-002, 1.98563840e-002,
       -4.04420793e-002, -4.77430224e-002, -1.20424815e-001,
       -2.24965036e-001, -1.25878140e-001, -4.83588949e-002,
       -1.71251432e-003, 1.13091734e-003, -5.34922071e-003,
       9.19831582e-005, 2.98362132e-003, -3.60830408e-003,
       1.92386715e-003, 4.88869613e-003, -1.64456561e-003,
       -1.08977497e-001, 4.31567878e-002, 3.01825643e-001,
       1.50366560e-001, -8.77367854e-002, -1.71363369e-001,
       1.28621235e-001, 3.65585238e-001, 1.27338380e-001,
       -1.95052758e-001, -9.59428027e-002, 8.09146911e-002,
