%YAML:1.0
mean: !!opencv-matrix
   rows: 1
   cols: 54
   dt: f
   data: [ 6.09224662e-002, 5.61429001e-002, 7.77889639e-002,
       7.59424791e-002, 7.35848323e-002, 1.16511948e-001,
       1.15253612e-001, 1.47231191e-001, 1.43988252e-001,
       1.34664759e-001, 6.69572130e-002, 6.13968223e-002,
       8.01417604e-002, 7.74181262e-002, 7.92259127e-002,
       1.16101354e-001, 1.16266496e-001, 1.51690483e-001,
       1.50260210e-001, 1.29409686e-001, 1.86488494e-001,
       2.00797468e-001, 2.23991826e-001, 2.30159521e-001,
       2.02349827e-001, 1.30015433e-001, 1.31754264e-001,
       1.58296168e-001, 1.55762345e-001, 1.43108904e-001,
       6.22054376e-002, 6.50763959e-002, 9.28451344e-002,
       8.14542696e-002, 6.18039817e-002, 1.17458493e-001,
       1.35922164e-001, 1.77183405e-001, 1.65311664e-001,
       1.25673041e-001, 7.20948651e-002, 7.70309940e-002,
       1.03053816e-001, 9.28667411e-002, 7.59564415e-002,
       4.81004655e-001, 4.80869859e-001, 4.80298042e-001,
       4.80757385e-001, 4.80618447e-001, 4.80041027e-001,
       4.80508327e-001, 4.80354369e-001, 4.79759246e-001 ]
eig_vec: !!opencv-matrix
   rows: 42
   cols: 54
   dt: f
   data: [ 7.34332278e-002, -2.50971764e-002, -1.35102466e-001,
       -3.93919349e-002, 1.01669587e-001, 1.37964711e-001,
       -6.52766675e-002, -2.81830370e-001, -1.48706943e-001,
       1.26010731e-001, 8.62222165e-002, -2.20147520e-002,
       -1.58698052e-001, -9.99174267e-002, 5.26967645e-002,
       2.15535417e-001, -1.55945718e-002, -2.20497683e-001,
       -5.75257093e-002, 2.32655004e-001, 2.56791174e-001,
       -6.80461451e-002, -2.61838615e-001, -1.14546210e-001,
       2.40885600e-001, 2.19063908e-001, -4.27387916e-002,
       -2.73302585e-001, -1.06556237e-001, 2.11808920e-001,
       1.24968156e-001, 1.09046875e-002, -1.07220463e-001,
       -2.40044557e-002, 9.72749814e-002, 1.94429681e-001,
       -2.51001325e-002, -2.40290627e-001, -7.22779185e-002,
       1.93096906e-001, 1.11877397e-001, -2.39692908e-002,
       -1.54404163e-001, -1.72899682e-002, 1.30328134e-001,
       -1.95597298e-002, -1.94136500e-002, -1.87043734e-002,
       -1.96603723e-002, -1.94813497e-002, -1.87329203e-002,
       -1.95597131e-002, -1.93626340e-002, -1.86038837e-002,
       3.43985879e-003, 6.23495737e-003, -1.70827447e-003,
       -1.25733297e-002, -9.97672603e-003, 9.26665682e-003,
       1.10339392e-002, -1.48172406e-002, -3.25982384e-002,
       -1.12774810e-002, -2.00658178e-004, 2.05522962e-003,
       -1.70201771e-002, -2.67656352e-002, -1.36486683e-002,
       2.53014751e-002, 2.38367599e-002, 3.65417940e-003,
       -5.12441061e-003, 4.89652017e-003, 3.08549646e-002,
       2.87254676e-002, -7.01214327e-003, -1.79705340e-002,
       6.69184281e-003, 1.71501674e-002, 1.41878007e-002,
       -2.02357713e-002, -3.25608402e-002, -7.91862421e-003,
       2.18734276e-002, 1.79665517e-002, 8.36148392e-003,
       6.33348897e-003, 1.06918188e-002, 3.48366797e-002,
       3.11589744e-002, -6.37331652e-003, -7.95151759e-003,
       1.29855629e-002, 1.47515265e-002, 9.22113284e-003,
       -1.12368083e-002, -1.22249564e-002, 1.52473291e-003,
       3.25893819e-001, 3.29161584e-001, 3.29588234e-001,
       3.29975694e-001, 3.33001256e-001, 3.33040327e-001,
       3.31669509e-001, 3.34384829e-001, 3.34114879e-001,
       5.01446016e-002, 9.51485932e-002, 5.87578230e-002,
       -8.98532644e-002, -1.04563050e-001, 1.02481730e-001,
       2.14153260e-001, 8.73079449e-002, -1.69607669e-001,
       -1.51604757e-001, 6.84123784e-002, 1.14930138e-001,
       4.41877283e-002, -8.05787295e-002, -7.51060769e-002,
       1.52297467e-001, 2.26268589e-001, 5.90397343e-002,
       -1.82452098e-001, -1.36842057e-001, 1.55718803e-001,
       3.09494466e-001, 2.72657964e-002, -2.51483738e-001,
       -1.96534365e-001, 1.36402816e-001, 2.50291139e-001,
       3.39007936e-002, -2.52242208e-001, -2.12889105e-001,
       1.29768848e-001, 1.16878591e-001, 3.79010965e-003,
       -8.06752741e-002, -7.34211924e-003, 1.81156039e-001,
       2.34732375e-001, -2.80961245e-002, -2.57839292e-001,
       -1.12577647e-001, 7.54214525e-002, 1.15788266e-001,
       -1.36075784e-002, -1.74896941e-001, -1.14811748e-001,
       -2.55439915e-002, -2.67171226e-002, -2.48357076e-002,
       -2.65919454e-002, -2.77540106e-002, -2.58129742e-002,
       -2.73483489e-002, -2.84712017e-002, -2.64795236e-002,
       1.53409272e-001, 1.82161350e-002, -1.42815083e-001,
       -1.12691917e-001, 1.45104587e-001, 2.44471073e-001,
       -6.82585016e-002, -3.03246051e-001, -9.03180093e-002,
       3.23157758e-001, 1.35419309e-001, -7.48824552e-002,
       -1.82807401e-001, 9.58303548e-003, 2.76789993e-001,
       8.38576704e-002, 1.65016502e-001, 4.54619415e-002,
       -1.94390342e-001, -1.27148375e-001, 2.00785529e-002,
       4.64420915e-002, 2.15942021e-002, -4.18766215e-002,
       -1.72666926e-002, -4.87248600e-002, -1.08497821e-001,
       -7.39419693e-003, 1.06278881e-001, 1.11190021e-001,
       -6.12783358e-002, 9.49345827e-002, 1.83646560e-001,
       -4.37385142e-002, -1.59442455e-001, -1.86326936e-001,
       1.23221397e-001, 2.86820024e-001, -1.40956938e-002,
       -3.02783132e-001, -1.53815642e-001, 1.65867675e-002,
       1.94607899e-001, 4.93173748e-002, -1.53545737e-001,
       1.23190042e-003, 2.33368529e-003, 2.56215665e-003,
       1.27003039e-003, 2.30694632e-003, 2.50268914e-003,
       1.21769402e-003, 2.29952089e-003, 2.36098655e-003,
       -9.14153680e-002, -1.37475627e-002, 1.86532408e-001,
       1.92303181e-001, 5.02600074e-002, -7.08126202e-002,
       -1.49324864e-001, -5.38924187e-002, 9.91916880e-002,
       9.83075052e-002, -2.76607517e-002, -1.41104728e-001,
       -2.43144393e-001, -9.94625762e-002, 3.81960385e-002,
       -1.51930109e-001, 7.72989467e-002, 4.01830792e-001,
       3.41713369e-001, -1.66181885e-002, 7.09614251e-003,
       1.63801108e-002, 5.52887358e-002, 4.84878831e-002,
       3.12922187e-002, 6.79185390e-002, -9.62406173e-002,
       -2.96577245e-001, -2.51387537e-001, -1.40202399e-002,
       -1.56641286e-002, 1.09554663e-001, 3.00991952e-001,
       1.60675600e-001, -2.00930554e-002, 1.01900235e-001,
       1.66569903e-001, 7.69959390e-002, -4.11313288e-002,
       -1.95358023e-002, 1.02660738e-001, 1.14868181e-002,
       -2.31036112e-001, -2.33612373e-001, -4.65653427e-002,
       -8.63030367e-003, -9.52647813e-003, -9.24827904e-003,
       -9.02832020e-003, -9.95176379e-003, -9.61768162e-003,
       -9.15768556e-003, -1.01045463e-002, -9.70086362e-003,
       1.02814240e-002, 4.78106923e-002, -3.68272886e-002,
       -1.93539977e-001, -1.18888028e-001, -3.91525663e-002,
       6.36771619e-002, -1.38630986e-001, -4.40195680e-001,
       -3.15357298e-001, -6.73254058e-002, -1.20063787e-002,
       -1.05674133e-001, -2.67759055e-001, -2.42166147e-001,
       1.14727974e-001, 8.44160914e-002, 7.84424022e-002,
       3.16903405e-002, 1.28555030e-001, 1.71095841e-002,
       1.70596093e-002, -1.15428045e-002, 2.84093968e-003,
       -2.35619079e-002, -1.12562142e-001, -9.13006589e-002,
       -5.98974451e-002, -1.18525170e-001, -6.47063330e-002,
       -1.30694173e-002, 2.12066434e-002, 1.87979668e-001,
       2.07353413e-001, 9.90544409e-002, -1.00882985e-001,
       -3.36928107e-002, 2.68559366e-001, 3.66465509e-001,
       1.53988242e-001, -9.85339433e-002, -5.69113456e-002,
       9.86393243e-002, 1.67384729e-001, 1.00093797e-001,
       -1.41434940e-002, -1.17630595e-002, -9.80264880e-003,
       -1.50052430e-002, -1.25167985e-002, -1.05514070e-002,
       -1.53644076e-002, -1.28716920e-002, -1.08203320e-002,
       2.00420842e-001, 2.03408942e-001, 1.54129058e-001,
       1.02041095e-001, 5.36261983e-002, 3.77388239e-001,
       4.05613691e-001, 1.33026913e-001, 5.71831316e-003,
       7.57761523e-002, 2.32359871e-001, 1.51510656e-001,
