%YAML:1.0
mean: !!opencv-matrix
   rows: 1
   cols: 54
   dt: f
   data: [ 5.05945794e-002, 6.37053400e-002, 9.71300229e-002,
       6.60628900e-002, 5.43902069e-002, 9.96887684e-002,
       1.33173287e-001, 1.81310847e-001, 1.32058710e-001,
       1.00430764e-001, 5.78579381e-002, 7.36523941e-002,
       1.05818100e-001, 7.09714219e-002, 5.86101115e-002,
       1.04025573e-001, 1.27077907e-001, 1.67717218e-001,
       1.27610967e-001, 1.04884230e-001, 1.69341847e-001,
       2.12381735e-001, 2.38171309e-001, 2.11904347e-001,
       1.69648141e-001, 1.13261081e-001, 1.40246928e-001,
       1.80028066e-001, 1.38803527e-001, 1.13284424e-001,
       6.13017567e-002, 7.44623691e-002, 1.07847527e-001,
       7.22830072e-002, 5.81953675e-002, 1.11582063e-001,
       1.45822957e-001, 1.91348284e-001, 1.46366656e-001,
       1.12004638e-001, 6.61668852e-002, 8.06067288e-002,
       1.16587341e-001, 8.23201090e-002, 6.61764815e-002,
       4.56540912e-001, 4.55436677e-001, 4.53762323e-001,
       4.56518412e-001, 4.55467522e-001, 4.53812420e-001,
       4.56457675e-001, 4.55399275e-001, 4.53789234e-001 ]
eig_vec: !!opencv-matrix
   rows: 37
   cols: 54
   dt: f
   data: [ 1.90656597e-003, 8.59811669e-004, 1.38025335e-003,
       4.16433380e-004, 1.39857421e-003, 1.77929259e-003,
       -9.82967555e-004, -4.68824262e-004, 5.41306334e-004,
       2.01741583e-003, 8.88160488e-004, -1.85419200e-003,
       -9.15956509e-004, 2.65793817e-004, 1.76488713e-003,
       2.30036487e-004, 2.48380646e-004, 2.23943521e-003,
       1.13428722e-003, -1.95356770e-004, 3.01808672e-004,
       -4.28155792e-004, 7.64181779e-004, 1.84800348e-003,
       1.44652755e-003, -4.98091453e-004, -2.09201104e-003,
       -1.95015400e-005, 4.56717797e-004, 7.49749772e-004,
       -1.29433163e-003, -5.90874173e-004, 2.71527236e-003,
       1.15015206e-003, -1.41226582e-003, -1.49333361e-003,
       -1.47210166e-003, 1.77516427e-003, 1.46923854e-003,
       -6.95327646e-004, -1.12975354e-003, -1.11874565e-003,
       5.66235220e-004, 1.83354132e-004, -1.02400524e-003,
       3.32335383e-001, 3.33402514e-001, 3.32830936e-001,
       3.34233016e-001, 3.35410833e-001, 3.34806681e-001,
       3.31690580e-001, 3.32842529e-001, 3.32329035e-001,
       -8.54424015e-002, 2.70810165e-002, 1.32262155e-001,
       9.17202979e-003, -1.08811550e-001, -1.68658704e-001,
       6.28437549e-002, 2.61599272e-001, 5.10771722e-002,
       -1.73916832e-001, -1.11580350e-001, 1.40321637e-002,
       1.49424180e-001, 2.16601007e-002, -1.06680147e-001,
       -1.97992876e-001, 5.31442873e-002, 2.37521425e-001,
       4.44040373e-002, -2.03510150e-001, -2.51269966e-001,
       9.94728878e-002, 2.57613480e-001, 8.70313868e-002,
       -2.55704999e-001, -2.18118429e-001, 5.19697592e-002,
       2.50075936e-001, 4.17035073e-002, -2.21828148e-001,
       -1.20322928e-001, 1.84662919e-002, 1.52271494e-001,
       2.89388690e-002, -1.00629821e-001, -1.86152667e-001,
       7.20227957e-002, 2.71990955e-001, 6.36751726e-002,
       -1.90420225e-001, -1.18584402e-001, 3.28286290e-002,
       1.68545306e-001, 1.20266834e-002, -1.31456196e-001,
       2.13347748e-003, -1.40353653e-003, -1.58480616e-004,
       1.58033997e-003, -1.94164878e-003, -5.97080216e-004,
       1.10926735e-003, -2.36583734e-003, -1.02008239e-003,
       2.87708193e-002, 8.74589831e-002, -4.97670379e-004,
       -1.20662838e-001, -9.11131054e-002, 7.80876130e-002,
       2.15104327e-001, -8.02911259e-003, -2.49469325e-001,
       -1.47296965e-001, 5.47764078e-002, 1.28275260e-001,
       -1.12194149e-002, -1.30053639e-001, -8.35338458e-002,
       1.24673590e-001, 2.11578488e-001, 1.42482307e-003,
       -2.10107327e-001, -1.18962869e-001, 1.68556079e-001,
       2.95959324e-001, -5.68976998e-003, -3.01684082e-001,
       -1.62138849e-001, 1.42626792e-001, 2.48000726e-001,
       -9.10029560e-003, -2.57880211e-001, -1.37020215e-001,
       1.07975341e-001, 1.40410691e-001, 6.25434192e-003,
       -9.85945985e-002, -3.16603668e-002, 1.67989075e-001,
       2.68940508e-001, -2.14511994e-003, -2.44645938e-001,
       -8.67936090e-002, 9.83028412e-002, 1.44809067e-001,
       -3.98760755e-003, -1.57204509e-001, -6.47480637e-002,
       -2.39624147e-004, 3.95463128e-003, 2.57797050e-003,
       -7.70782935e-004, 3.31220590e-003, 1.96506432e-003,
       -1.50542636e-003, 2.28451029e-003, 9.50965565e-004,
       8.48892611e-004, 2.65898474e-004, -2.97543965e-003,
       -2.48156209e-003, 2.86737341e-005, 2.62638438e-003,
       -6.03234745e-004, -5.13566611e-003, -3.24780634e-003,
       1.37943856e-003, 1.22747512e-003, -8.51527147e-004,
       -3.31371068e-003, -4.12742869e-004, 1.78602489e-003,
       8.94165889e-004, 1.78503105e-003, -9.08536487e-004,
       -2.82855029e-003, -7.33612978e-004, 1.78884901e-003,
       9.50027141e-004, -8.73683020e-004, -1.69399404e-003,
       3.66154447e-004, 1.07581296e-003, -1.25672756e-004,
       -7.43281726e-006, 7.22130702e-004, 1.71622925e-003,
       -5.49150398e-004, 1.46486983e-003, 2.60092062e-003,
       -1.72743850e-004, -1.22995605e-003, -4.67165402e-004,
       1.67501508e-003, 3.32512683e-003, 6.98344840e-004,
       -7.41496682e-004, -1.10473891e-004, 1.16127066e-003,
       3.47417407e-003, 1.36106217e-003, 7.95326341e-005,
       4.06000853e-001, -1.94388395e-003, -4.05729592e-001,
       4.12437618e-001, -9.61501442e-004, -4.10951376e-001,
       4.08652484e-001, 1.44570922e-005, -4.05482322e-001,
       -1.44781696e-003, -3.71162943e-003, -7.09827617e-003,
       -2.36586668e-003, -9.39279271e-004, -2.27055885e-003,
       -1.50857773e-003, 3.42240703e-004, 9.99634503e-004,
       -1.62499212e-003, -1.28706521e-003, 3.28407250e-003,
       7.95539748e-003, 3.26318946e-003, -1.42710633e-003,
       -2.18700268e-003, -7.29439035e-003, -9.19418968e-003,
       -4.66922671e-003, -1.54413679e-003, -2.78586708e-003,
       -1.81063404e-003, 2.04008957e-005, 1.33517850e-003,
       -1.54470257e-003, -4.82001924e-004, 6.08572457e-003,
       1.00016696e-002, 6.96831383e-003, -1.24604150e-003,
       6.49127003e-004, -4.69925394e-003, -8.38855933e-003,
       -3.48271173e-003, 5.50384175e-005, 8.99451668e-004,
       -1.45310804e-003, -7.06165883e-005, 1.46702118e-003,
       9.80431563e-004, 1.64728414e-003, 4.13444405e-003,
       8.93615559e-003, 5.12821646e-003, 1.10554043e-003,
       -2.34133586e-001, 4.68498468e-001, -2.36194015e-001,
       -2.35679448e-001, 4.73462135e-001, -2.37925082e-001,
       -2.35004395e-001, 4.70590770e-001, -2.36904040e-001,
       1.71045158e-002, 1.31594166e-001, 2.86920249e-001,
       1.28273353e-001, 1.62481703e-002, 1.24567375e-002,
       2.86098453e-003, -1.19458593e-003, 2.33865343e-002,
       2.01000832e-002, -1.76678486e-002, -1.47079408e-001,
       -2.84375668e-001, -1.10473469e-001, 3.74751980e-004,
       2.33587604e-002, 2.42980838e-001, 3.85725439e-001,
       2.44240642e-001, 2.68370491e-002, 2.27817371e-002,
       1.60791259e-002, 8.70836806e-003, 2.57160012e-002,
       2.88150553e-002, -3.16249505e-002, -2.34623179e-001,
       -3.32152575e-001, -2.10943431e-001, -1.88770127e-002,
       9.66426171e-003, 1.49774864e-001, 3.24811518e-001,
       1.54367790e-001, 1.58030149e-002, 7.96078984e-003,
       2.91653201e-002, 1.25554092e-002, 6.11536670e-003,
       8.43681488e-003, -1.41637418e-002, -1.37313560e-001,
       -2.96177655e-001, -1.53844133e-001, -2.06414331e-002,
       -8.09553917e-003, 1.02786906e-002, -9.11276694e-003,
       -7.22892396e-003, 1.12985531e-002, -8.33144039e-003,
       -6.02890784e-003, 1.25987884e-002, -6.80789258e-003,
       -1.15188524e-001, 7.30401929e-003, 2.45385915e-001,
       1.30291849e-001, -8.46876577e-002, -1.83274880e-001,
       1.25682950e-001, 3.77666652e-001, 1.33965105e-001,
       -1.92454696e-001, -9.70181897e-002, 1.15398616e-001,
